1107118.

mmmmm 1111111111111111111111111ἕ1·
‘amalfim 11.,·1911111·111111111111111111 11111

mmmm& 1119199111111
11 1111 1111 11 111 gabardi· 11 1111111 1111111 1119111111·
11111111111111111111111111.11111,11111, 11111.

10. 0111111111]1111111111111111111. 1111111111.
1111 1111191111111111111 11 11111111111111111111111
111111, 11111111111111111111111,11111111111111111111
11·11111111111111 111111 1111111· 11111 1111111 11
11111111111111111111

111111]ε·0.11111 1111101111Ρ11 111118111111111

1911111111911111] 111111 11111,111111ῖῖ111111111·
1111111(111111111111111111111111,01.1119 19),

111111111111111111,111 11111. 11111. Τ11ζ1111111

111111 111111111111111111111111111 11111
11111 11111111111 111 11111 111111 (111 1111 0111. 1).

1· 11111111111111111111111111111111111111111111111

11. 1111 1111111...] ·11111111)1111111111111111111111
1111111 1111111111 111 11111111 1111 1111· 1111111111 11111111,
11111111,11.9.1.1.1117111111111979

111111 11111] 11111 111111 111111111111111 11111111111
111111111111. 01011.1111111.9.91,111111111111111111111111
1111 1111111111, 1111. 9. 7, 1111111 111111 nominis.

11. 1111111 (1111 11111111,1ο11111111 1111111111
1111111111 11111111 111111 111111 01. Eut. 0111. 1171

111111· 11111111 1111111 11111111.

1111 1 11111111 1111111111 11111111, 11. 111 lm 11 1111
111111 1ο 11111Ρο18131 gg. 6011111. Ἠᾚῃέἲο ἑτοᾳιὲζνι
11211111 ξῗ111111ῌ1111111111 11 11 who 111 111 1111ξο11111
11111 11 111 111111111111.

1111.11111,11111,1111111]11111111111111111111. 1111
11111111. 91. 1111.

17. 11111 11...] ‘All 1111111111 11111 111 111111 1111111111

 

