444
malon-me 11 111 1,

1111411114444. E ,,1141
11111111,’4,111411’.1,
444. 4,,444
intem! 4,41
4κ1ω1411ὲ1ὕ111114144444ω1·
..114144
11114114υ4111,4
1111111111414, 4,44. Ep. 6.

4441114

1111111144. 4,114
juvenes: -1114144, 1
11111111-1111114, 441

iuvenis( 4, 41
141141104111011101141811141141111
11111114, 4, 4

11414144. 4, 44
1111111114, 16. 11
1111114414

11111111ιηί119 syllabis 41111111
1411111114, 16. 41

111111, 6, 66. 4,1,114
1111114114, 40,.4 11,4,44
11111111, 14, 9

litum: 1, 44

1111111114, 5, 16. 4, 4, 44
longus 4, 16. 40

lota, method os drawim. 4,
11115ιό1 1, 4, 41. 4,1,4 4,14,
lustrum 6. 4, 44

11111111, 16. 14

magn· lingua 4, 4, 1
1114111111 4, 14, 14

INDEX Ῑ.

1111144444. 1,,1144
444441
141411,1ὅ .
1111114441 Μ’
mmmm}
111111114444, 44

1111114111ἳ194ῗέ4. 4, u
ffl'u'u. 1

1111111411 4, 44, 14

11111111, 11, 4

1111111144, 1, 44
animumne-1.. ,1, 41.

1111111111, 1111111444
111, in prohibition· 4, 44, 6
1111111111 1, 44, 44. 4, 14,1
nepos, *1 1111’ Ep. 1. 14
1111111111, 4, 14
ηοῖιέιῖἶίὼ gen. 4, 4,4. 4,
111111ᾱί4111 Ep. 11, 44
novem Ep. 6. 9

141114, 11,4

411111443444.9 111141. 14,1
onyx6.l6. 11

operaria. 14,4

0111111114, 4, '⁵1

01111114, 16,1. Ep 1.·1
etymon 6. 11,411

p ffisoetod 111 euphonp 4 4,

,1111111111

11411114, 10,4, Ep. 1610
mmm

parlwomlm

 

