NOTES. 181

7. 11111111111111111] (11. Juv. 8. 101, 8111111111111111.
1111111111111111. 11. 81 11)11111 which ὼε 1 1111111
1111111111 1111111 1111111111 11111111. In .11958,
clytemnestra 111111 11 111 11111 11 1111111111 1111111111 1
11111 1111111 from 1111 111111.

8. 1111111]·1111.’ Ι11111111111111111111111 111111

11111111] ’11 1111111113 ’111 111111111111111111
11 would 111111 1111111111111111 1111111111111111
111111 their 1111111111 1111111 11 gentle 11111.

1. 111111 1111111 1111] ‘a rich vein 11 1111111.ι inqe-
11111 (from 11 11111111), *11111111111 1111 in 111,’ ’1111111
11111 .' 1111111 1111111111 111111111111111111111 111111
111 111 words, 11. 1. 1. 111.

vem 11 1111 in 11111111111111.Ρ.409,1111 divite 1111.

when 11111 1111111111 1111 11111 1111111 1111111 111 1111111111
11111 1111111 111.

11. 111111111111111111111] Ι1111 1111111 1111111111
111111 (or 1111111111) 111 1111· lacesso 11111 1111111 111
from 1111111111 1111111 ί1111111* 111111111 in 11.

11. 111111] Au 1111111111, 11 111111 1111111111 111111
gem &maganum ‘happy’ 111 ·11111111’; 11111111

111111 1111111] *11]1111111811111111113 811 1. 11111
11 111111111111 11 1111 1111111. 1181111111 11 Sabinu,
1111111111111 praedia, 1111111 1111111111111 why 11 1111
1111 wo 11 111 111181111111, 11. praedium. 111, oven 1111.
1ο 1111111111 111 omission 11 1111111. 1111. 111111 (11111,
11111. 67) however 1111111111 111111 1111111111111111
11111 in 111111111111111111111111 111 111111 11 111 11111111,
111 1111 therefore Sabinis 11 111 111. 11 Sabini. So 11 Pliny
1111111111111 Tmco⁸=¹to my Tum 111111.’ 111 11. 1. 1. 11,
11 arduos tollor 1111111111 111 811111 {nrm on 11111111,’
01. 11111. 1. 111, Ρ1111111,1111111 11111. petebam.

15. 11111111 1111 111...] ’11111 words 111 111 1111111111
1111 11111111 111111111111 11111111 11111111 ' 1 11111111
111111111111,11111111 1111111111 11111111 11 111111 111,
11111111 11111111111, 11111 11111111.

11. 1111,1111...11111]’111111111111111111121011163111.Ι

 

