lxm-:x 11.

cs 1, 30, 17. 3, zuo Pirithous 3, 4, 79

liu 3, 33, 101. Plancus, 1100111111 1, 7. 101.

1, 13,1 Pluto-clun

113337 romaum

,3,13 1011001301011,13,33,1101·

1110013343 0111110103,3,3. &MS

13,3,30 Ροιιιράαώωυυοηᾚ

1, 340613. up. 13, 31 Pontus, uhip timber 11010 1,

u ,33 14, 11

ul 1, 133 1010010001

113, 13, 1 011101111011
Ρ111001110. 3, 31

3,7,5 Proculeius 3, 3,3

cutting 01 1, 33, 31. Procyon 3, 33, 16

1,3,111101013,13,33 3100010101 1, 3, ndum«

11, 13, 11 thought 1, 16, 13, 10 hen 3,

.1101010130.4,15 13, 37. Ep. 17, 67
1101010101, 1111110011, 13,

3, 0, 3 31

113, 4, 33 1101001137

2p. 10. 13 Pudor 1, 34, 3

111, 39,14 1110110011βῦΛο 11013,

1 1110011011 1,13,1, 31

cauco 013, 3, 311

ius 4, 3, 3 Quinctilius 711011, 34, 101.

rotro& 01 1, 10, 11, Quirinus Ep. 13, 13

ul trouble· 1, 36101. Quirite· 3, 7,3

›mpurod 10 Mercurius

1 1111110114, 4, 101. 4,14,101

,11 Aemilius 1, 13, 33 Robur Tullianum 3, 13, 19

1, 6, 3. Ep. 17, 05 Sabine Fam1‚1⁷,1nt. 3,13,

02, 4, 13 101.

1111111111 1111110111 1101

7111101113, 9,4 81111101εο111110 in 8110101010 ·

,1111111 111111

3, 111, 111. sabini, hardy 3, 1110. 011, “

11 Macedon 3, 13, 14 41

, Ep. 16. 17 Salamis ambiguo 1, 7, 33

u 1, 36, 1111. 3, 3, 17 8011113633

‚n murblc 3, 1, 41 8011101011 com 1, 31, 4

,3, 13, 1101111014, 3, 30 Saturnalia, 01010010 01 4,. 1, 1
1 1, 36, 0 Scaurus 1, 13, 37

4, 3, 1-30 1101010111. 4, 3, 13

 

