NOTES. 1771

7. 07. 00 quit... ‘But 1007 009 000 7000090000 71007 use
07710 70071070 1170001000. 7700000707...

y· 0000001000... 1770001000011107 7701100

1, 79171001000107701101

mim Ἥ gem' m 1 mtdufflffiffi't 770

α’ weh-3⁰ '¹ 07Ἢ1.’” ⁰¹⁸⁸21' ffimwssffi ⁰¹
sozimi-‘1³3⁸ 10770 0001ι 9100010701ἴ7οὲὲῗο777010077000010019001..
90110007001770700910 0720000777191700917171..7717701117Νιὶο

8. 0000000ωᾶ Ι,·000077000100 0090010090 ’·0710001710
00091111001170710 090001101107700000700900 7000. 077000
009 ’,·0000000010100100090008.18.7.οι0900001000000.

8 00010010] 1..0 0009000000. 10100100000777000011·
700000 0701001001 19000 1110700 00 11010010790710700111001
00907000 700007009000010010101001000011000110070010700009
070009 0110007100 000. 17 10 0009 7009000710 7700911100. 09.

01χῆ00000 0009 0007 0000010 10870000 diuitum 00107. 81
Ρο01·0700000870111900100900 10771071900100900001.·
10001181 07.1..74.1700010010187.81.0001001110.
87100007000818.17.000010100077.8.18.16.00001007.
4.1. 14. 000010011οι.

mimia. 770901 70 whom 770 009 eici 10 0110000001
Sithoniis 00. 1700010000. 07. 1. 77. 1.

10. 0000 700...]·71700 000 10 710010 00900000 (00 00)
1101090107 01977 001 00009 0019 79 770 0000οο 1101711007
1070001000· ι..0 1007 00 90001οο 1010000 men 70 0091001 7100
10001 100100071οο 7010000 00971 001 000009 001 mnu-datham
11001 77000 00 0009 111110 1111000000 70100000 7100100. 0 7007 1701
10 0009 00000 7709 07010 0700101019 1010 000 0007700.

11. 110000000- -110 09.οη 001000009100.100900070

0001110 00110110οΡ 7019 1070000 07 thy youth 700 Βο00700
7007000 1000001009010081. 8. 701 0900 7000701. 0080101110
7070017. 0009 0010 98901. 11. 11 .709001000000011 8901. 14
1.0001110170000000.807.1.10.81.000111010001.9171
0001110Ιο100. 801. 1. 6. 4100100100011110000.

80000000] 7000 9000190. 0100- 0110 0000 79 8000100070

18. 00007700] ·’000000 00 1107·007.· 07 770 0000 7100

71000001 hu 001000000 10 770 1000111109 01 770 7790000.
00000010.. .] 0000001100019701091011971771090 000·
000101 7000077 000101 100000· Formi divum 0001818 0.

 

