NOTES. 257

9919999991999 99 1119111991 1911991991919199 19919,1199
99999999919991“1,199919999119 19999999119991
,19911999991111999999999999919919991 ’1119991991999199
9991999991919919 9991199999919991919999999999199999
amomum. 1119 19999199919911191999
mxx· 99911 theuzlmwgbmffl agam? 119
999919991999991919911999999919999999199199919999199
999919991111999919119, 991999, 99991999, 9999991199911

99911 inffltff! landtgnupfflsedffitffi Qube}
919911991199999999991999191999991991

1 11 11111191111111111 911911111111111191
199999 9199999991, 919991999,9111199199,999999199 999191.
dn 9999199 199· 9119 999 999 19 1991911 1991 9119191919Ι
9991999999999191.019.1999.99999991919919919999991999,
Ηνὶ99,.99,9119999111991199999991919999911999.

99 9991 1191911999 considered 999999999, 91. 919 999199
quoted 11199110 1911199111 199999 919999991111
9999999 9919199199999199 111999999919919991119991
§affinem Ῑιὶο1111199991-999991199919991199999991199

19 9991

9 19919] 1999191999,119919919-19999.1 01. 1. 9. 99 19999
9. 9. 99, 9919999199, 0 919999111111919119119.1

99199 9991119] 19199999 hom 9991

9. 999 9991999...] (11. 11911199 9991991 999 Modern:

1191 91999 999 99999919 round 119 99999111
911, 911 199 9199991 9911 19999
9119191991 199 199 day!

11. 99199919..,1911999] 9911911111 19 99991999 9919 99911
norem 9119191199. Why do ouvedry 191111 9199991 99999199
your 1919999199 19 1999 1999119 1999199919 919991199 with)
Ἢὶπώ 9991119 999919 tvo 999999 (11999991999 (9
tghfiffigfflmd 91199919991191919991 99119911 9999 99199

,11111111 ...1.
999 (91213909190091 11119 111999· 1999199Ι 119911,1..91Μ1111ἰ9ῃ18

 

