INDEX 11. 613

4,,44144444 4444441144 440144 1444444144, 16, 14
4444 1,44444 v 4γωωιὴ44444..ρ444
4γὲιὸ4441414 1,44,7 44741344444340141840

474444414414144
1444444444444411 61 1144444441,,11,444441441
tuoque· 4, 40 6, 4444444]
upum. 444 44 44444414ὼῇ444,
11144417 1441114414,14,1444., tn
111414 c. S. 14 14444114,17,144.,1444ι4144
In 444,,101 ο14,4,6,444444]44444444444 l
144111,14,.664, 4,14,44, 4,.417 4,,,40144444444
1441411414 4144010 4444444444
1414441144. 6, 41 11, 1444
1144441444, 0,6
144444 4141414414, 16, 0 11444144 Re.. 1014444.
14441, 44, 16 1144444444 ,7, 14
1444441444 ,0,44 41444411441,14,44
14444, 41 44444444,1,46,114441114444,4,46
441144414144444404 1144414,6,0,11.,,4444414
Juf1m=godommoshew 14. Ep.1e‚³
1,46.1,14,11.4,4, 114441441444,7,41
14,41014114144 mumma
4141441444. M
444414444441,7,10 11411514444114, 61
1444444114.4,6 4141444144444ε144444444444,
1444444444 purple 4, 14, 7 4, 41
44444443441444, 14, 44 ,14414444444444 4,4,1
14444141, 44, lut. 1417144. 41444444, 16, 14
Laomedon 4, 4, 40 4144444144, 4444144444 411 10
Lapithae 1, 14,7 1444.. 441114 14444441, 444
Latona 1, 41, 4 1144444144, 4414144444110,
14444444 4, 46, 14 1. 4,7,14
Lesbius 441444 1, 17, 41. 1144.1144444444,4,144
“ Qu 4144411444,1,4
14444144ε·44444414’4,4, 46, 4111444,4444441441444γ1,1,,,61444
414141, 1, 44. 1,44, 11 1114444444, 14,4
1444144 4, 7, 47 11144444, 7, 41
Liburni 1, 47, 40. 1144.1,1.11414444414ρ.4,6
444444441444444444414144444 4, 4444
hiemum. 14, 14
1414141, 41,.7 4,17,7 114141444,46,14
1441144440,144.1144444114114. 6, 44

 

