Nom 148

³ 111 ’8111111118 mm

’ 18. 1818811]11118118111,81.1.8.188.

0118 11.

‡ ’1881 81818111, Agrippa, 1181111 88 8 11811113 1118188 181·
1811811 1111 1188111 11 1188181118. Iun 881 88118818 8188811838
‘ff 1881881188881188181181111818101111831888811113881
“ 81181 would 8111 (1811881 118111 18811888. Ι818888181113818111
888181188888188181818.·

11. 11888818183113381181 188 318818181118181111381181 18
·’, 881,111188888811181188888811181888888818888118888
813811881111888888181811118, 881881183188181188888·

’ 3881818888111818118181811818818881831.

18 181188118 18118.. 81118] ’188 18811 8811111188 88881
Ἠῶ 1811111 81 1811881 881 1181811881 (81181181) 8 8111 81
om 8118 1883)
1888811881818888181118118818818811888188118888181
111888118881838811811888188.(11.88.,87111811888111118 1811,
118111118838881811888188 888381811888, ’1181 818
11111188 by 8818188818113 1113. 88. 1. 818, 1888 3181111111
8811118188 ,481818 und 8111. 18. 184, 88188181 18811 81881811
811811188311. 08 18881881888111181. stt. 8. 1811118188
1811881111 0881818, 188188 explained (111111 1111818188 118181,
881. 1. 1811181 8111111818 caesaris. 8811818οο118. 8. 81,

Mage... 881 ῗῶξζκὲῦῶοιᾚὲαὲῖ gama? 1888αι198118
88181188 881. 8888111181 188 shall 8818118881, 18118188183
881111 81 Honorio 1883. ’8881831181 1118111 118811818 1881
nomme-numum ffliffl‘h‘ muham 11811

8318118138111881811818 88 8888111813 1ο 11118’1811 18811
88 111118888881·-81188818ψ83118118 11 181118 μαι-1181181
818381881881181111’181181 88183831881111881 8811188811
818188181 1818 188 middle 81 18838188188811 8 description
818311381υ’18118818811181811888.· 8888811188181
1118881888 8,1818181118811, 8888111118111118311. 8118881,
1188818318 11118· 1188 81 188888811881188, 1188818181 ’11111111
88 told, phut by 181181, 1111 bruay 8811 118181181, 181 81
118 bird 81 1188881811 8883. ’11 11111 88 88181181 88111181

 

