INDEX.

(1111 1111110111 throughout 111 1ο 101 notu. 1

abllauutjalosaa 11111 without 10 111110-ἲο001101ῃψ100 Ep.
0101111101 in appetitiva 1ο 1011110010101.
100111οΗ907 1111011011ιο,00 0,0,90.
000110111001101099 0990. 01110,Ιο
0001011010 0111. 1110010, 4, 41
ζῆν-1001001· 11001001 0, 104
’ 1, 94,7 α11110110011110,0,Ῑο1.
neuton -101110 1, 1000110000
99, 90 10110011014,0
followed by 101 gen. apem 010110 1, 04, 14
when they nig- 110111100 10
011] power 0 0, 1101101 bibendi 1, 4. 10
10, 1010011911, 1101111001 0, 00
109010110οΜ 1111011 words 1, 04, 0. 010,
0010011110, 90. 0000
97, 90 1111οο1007
11101110-101110 11ᾱοοι1οο11010119,4.7.
gen. 001 0, 0, 0. 0010
1001114, 4, 41 11001014, 0, 90
101111οο 0, 0, 00 1110111114, 14,40
adverb qualisyinu noun 0, 109 11131 virtue 0, 0, 0. artem
1131101011. 0007 *1ο11101111’4,0,0
1101011114, 9, 1 1110009
11010100010 0000 01111111ιο 9,1 9,,190.
1100110000 9,1.,,000400
111001--1310111100 00, 10 1111110901,11,0.9,,1717
1010111011οῆ0011,,100 1100011109οΛ
41011011ογ1010 111101001
07 1, 10, 19 11010010011100100. 0, 1

 

