Nom 437

3111111114111 11111141411111111111111111 1111141114 4111
11111111111111111114 1111111441 11111114111111111111111
41141111 11114111111111(11,111111,11111111,111,441111111.

11111411111111411 411111 1111114114, 411111- 111113 11111
11111114111111111111111111111111,411111111111111111·1 1181ἰί44111
111111111111111111111111111 tamuz-numm
..111. ... 1111 1111111111
11111111111111111111111111111114.

· ...ῒέὶ .1“11“.“111.“1.“1“1“1111“111111.“11113
Greek 1111111 11411111μᾷ11. 'l'hoyexpreu 4111 two gmt
11111 with 1111111111 41 11111111 1111111 11111114 my 111 1111111411,
111. 1111411111111111111. 111111411111111111111111 41111114

· 1141111 111111(41111111)11111114114(1101).

4011141 1141111111· 41141111111114111111 youvm

1114· 11111141 blano& Τ111111111ἳ11 ζ111411111111 4114111

in 4111 11141111 141111 tvo 1111111111(· 11), (1) 111111111-
{m {ffiarlfflllffi ’begtffiut 1110183801 ⁰: ³2⁸1:
mog. 114ἑ1111111 (11141) 111 114111 1111 1141111111 4111 1111111,

48.1114111411]·111111]’14111111111111111111111111141114
3111111111111131111111161 1,11114 11111 1111114111 nomae 11111111
1111111411 4111 1141111 11 1111 οφο11111 1114 only 1141 rightly. 11114 1141
11 1111111101 1111 on principle 11 4111 41111· wiso 111111 ’1111111

10. 4111114,11111 4111. ,4111111111 11111 4111 1141411111,11111111
111311111ᾱί11 111111111111111011111 11111· 11111111 111.
11111111 111111 411111 111411, 111 who 11111 1114 41 111 111 1111111111
4141111111) 1411 111111411111111111141 1111111111 111 1111111111
411141111 14 4111))1111111411 1111,·14 11 11111411411111 1111111411
1441114111 41 4111 1114 41114 111, 11111 11 11111 1111111111,11111,4111
1111411111] 111111 person. who 41111 nothing 11111111.

01>n X.

*111. Ligurium, beautiful 1111111111 111411 flowing 11111 1111
1111 1111111, 1111111111 1111111111114114111411111111 11111111·
1111114 41111111 11111 111114 your 111114] 1111 your pride:

 

