N om 36³

(1400484104. 4 4 4441 01110 31104 0304400 4444011104.. 00.11410 004
0100001 1114010 1100111’1ὧ111114111130)140101000111004100 ’
0100 3101131030141011,0013404 ο1 1111014010] 0444404040οὶ
0330100413111440004400301 (1300041001), 0000401013 004010133004
1104401 44011014 1010000401 440 0000013400410011001440
&mmmm 441114411144 ,0.
0004100011, 44003044140103 010001004040011001440
111101411141101111111 ι011111111118 by 31111 1ὴο 3004 0000103
4004114101 411000 00011 104100 (000·400103 003 0 1110031000)
40000101041110 30010310304104,00010001000030004103
44010130 0000οο 0104011 4110 00000 400 00140 04010041311144
440 001411000, 440 ’1113 4001301’ 40103 101 44010400 1144001400
440 00011 000 101 44000 11110 worshipped 440 Grau. 11110001
fflffi‘hfflfflffw :mm
1100000 004 (110040 0000140101 00 4014010οι 00 110 040014

think 14404101413410043. 1101440001000000101100313
310101οο4 4ο 103041000οο 440 11014 1140000401,οᾱ 40 0131010

004 014110 3103014100 01 11100 4ο 110401, 1104 01 4110 11010401 01
030441 114104 010 01041040 (004 00 ’3’010104 10) 0004

400301, 4110 40430 440 ”01004010144010004 401034041440

0400 004 440 1410113411 01 440 400301. 1411300144 040340 4410
11011.

14. 00000410 10 11οο 140 30014100 0100113 40 40 40400
3041004143 00 14010 4000. 010111 0131010014 000 ’,’1011
’0004010033 004 0000010,’ 00 explanation which 11144 4110
00001 00440401 41111103 440 3000030 31100 no 00000.

14 0440044οι 10400] ’011000104 4014310114ιο0οι 0
00000041οο 11144 poetic 1003404100, 000 4. 19. 40.

14. 1100000 01040000] 01. 4. 44. 44, 0104110110 04401400 04113
’10011411 01.’ This 300. 10 1013 0000οο with 3100. 301410131οι
πωῆἒᾜ, ,0.3. 0040110 (1. 14. 44 0), 30110110 (1. 8. 4),

101000011010104] For 440 00000041οο 01 4400344 000
104040041001 ’1410 our 3101101110 40 4014 00410101*

&mmm 444400] 4010030400 m 0 00004041 1οΡ
on 114104 0340101100 1101041 304, 10 401 013100410 1140011
001000111001100411000, 00014103 00010 01440 pipo 1100
0030010113 used, 011. 14. 111 n. 00441. 44.
ι. 11 25

 

