INDEX 11. 811

Aulon 1, 1, 18
8811888- sirm. 14, 18

0811181 1, 18,1
0818,8818188811,11, 18
08181180888811, 18, 11. 8,

88881881888888188 188188,8181,111 8,148,,1111

1188818818. 11188 1,,,11181
388811888 11881, 11,
898Η81881188118188,
Β81888,,414

1188888188 18111. .
Β888818881,11,11
1181181881881888,,111

nemum, 18, 11. 818.

8118881181, 1818 ’
8811111118
88118111, 81, 18. 18188.

8, 4,88. 8, 8, 8. 4,14, 47.

118. 7, 7
Brutus, 11. 1, 1, 1
11881188 118. 8, 14

0888181811 wine 1, 10, 1. 1,

87, 8. 1, 14, 18. 118. 8,
0111188181 1,1,181

08181818, 88818188 811, 81, 8.

8818,111Ξ811,8ο,.8 1,81,
1. 4,11,14
08188881,.11,81 1,,1188

0888881181118888881818881-

8188 1, 8, 8. 4, 1, 40
0881818118. 8, 1811.
0118181811, 0,1
088118118181, 17, 0
088188, 7, 0
088 88118. 11,8
08811838, 8881888 88 1,,1 11.

4,,817, 8811188818, 8, 88
08811838,8881,1, 10
088181, 8 11881 1, 11, 11, 881-

838 1818 4, 8, 88. Ep. 17,

08888888 1', 11, 8. Rp. 1,
0881881881, 1, 11

8811181118.
0881188881, 18, 84. ⁸.1'1‚ 18
888188811181 1188,

ahman 1. 11, 18. 8, 11,8.
8118331131, 81, 111 181,

081111 184,18,18
0888188 ,14, 17
08181888818881,18,8 Rp.

’ 8,14. 17, 88

088888184, 84

08818111, 18818818 811, 7,1
0818181188,11,1111.

081188 8, 8, 18

08181118 Ep. 17, 80
0888888, 8111881811, 1, 11. 1,
018181, 17, 88

0818888 8811881188 1, 1,181.
088188881, 14, 18
08818888 1, 4, 7

0811881888 Ep. 18, 8
0881881, 1,111

0811181881, 4, 8

118888 8, 8, 18

1111888188 1, 8, 84. 4,1,1
1888188111, 14. 1,1, 84.
884111681Ῑ1, 181.

Dalmatica! 1, 1, 11

Di 1811811. 8118 ’
8138881181

 

