NOTES. 481

11111 11111111 111111, 1111111 11111111 1111111 11111111111111111]
11111111 11 111111 11 1111111111 1111 11111 1111111 1111111111
111111111111111111111111111111111111111111111111111111
11111111111111111111111111111111111111111111111111·
11111111 1111111 11 1111111111 him. 11. 11. 00, 11.

, 11. 111111] obl. 111111111110111111 11111111)

on {mm mh 111, 003. 1. 11111), 11 11111 1111111 phy·

nvom! X.

11111111111111111111 11 01. 1. 1 11111 11111113 11111-
11 11111 11111111-11111 the Vlrgil 111111 mentioued 111111 poet
111111.Η111111111111111111111111111111111111111111111111
11 1111111113 11111111 (prob-bl, 11 011111) 11111 1111 up 11111
11111111111111111110111111111111111111111111111111111
111 11111111 1ο 1111111111 111 11111111 1111 1111111 111 puy. 111
1111, 11111 1111111111111, 1111111 11111111 11111111 1ο 1111
1111111111. 11111111 1111111111111111111111111 11111 1111111
1111, 1111. 1. 00 111 1111111111111111111 11111111, 111111.

1. mm...211uJ 01. 1111111111 11111 ,· 01. 1. 11111.
111111, ι1111111111.

1111111. 1111111, 7111111] 01.01.1.1.1,11111 111 1111
11111, except Iapyx, 111111111111111111111111101111111111111,
111 kept imprinonod: 11111 111 1111 11111 which would 1111111
1111 vome 111 1ο 1111111111.

1. 1111111...] ι11111111 11 11111111 mountain heights 111
11111 1111 quivering 1111.Ι

0. 11111 11111111] 11111111 11111111 1111 11111 1111 11111111
11111111 11111, 111 11 1111 1111111311 ‘when 11111111 01111
seu· thoy 1111111 11111111Ιῖ 111111; 11. 111111. 10 ‘And
11111 11111111 111 11111111 or 1111 1111 1111111111111
111111 11111111 luy on 11. 111 hope 1 111111111 111 11111
ἔθη 111111 1111111111.ι 1111111 011111 11. 11. ’1 111 01. 1.

.1 1.

11. 1111...] Pullus 11111111111111 Troy 1111111 11 1111
1111111111 11 Parin, 1111 11111 Ain, 111 11 011111, 11111111

 

