mum
1111]’1,11,.1’1 Bp· 1111111111ὶῖ

:vesanum-tp. aaa&
111 1,11

11 11114111 ”amsla

1111111111, 11
Qum demadem
111111,,111 mmmmm
1,4,1.1,1,11. 1111111111 ΜΗ

114, 41 11111ὴῶ1111111111111111,
13113 1811311. 111
·ι1111-11111’1,1,11 1111111111
,1,11 mm m ..11 ,αι s·

1111 {gu-mmm m

1111111111. 11, 1α111111111,11,1. 1,1,11
1ώω1ὴ11

11,,.1111 1,.1,11 1111111111

,1 1111111111

114. Bp 1111 1111111111

11111 1, 1, 41 discrimen 1,1,11

1,1,11 1111111111

:¹inoome' 1, 11, 11 dithynmbuua. 11

1111111111,14,11 11111, 1, 11

11,1,11 111111111111111111. up„

1111111. 1111 11, 11

111111. 1,1,1 1111111111. 1,11

111 11111111111111111111

1111111 dnm ”fndriuk’lmlw

1111111’1,11,1 1111111111, 111

mmmmm, dffiss'thffizozfflolek κ

 

